0 0.5331607495069034 0.27476440937979396 0.531517094017094 0.28270874424720577 0.530284352399737 0.2892833662064431 0.5343934911242604 0.2914749068595222 0.5403517422748192 0.2873657681349989 0.5405571992110454 0.28079114617576156 0.538913543721236 0.2788735481043173 0.5372698882314267 0.27558623712469865
0 0.5415844838921762 0.2892833662064431 0.5382971729125575 0.2953101030024107 0.5397353714661407 0.3021586675432829 0.543844510190664 0.3024326101249178 0.545077251808021 0.2977755862371247 0.5446663379355687 0.29092702169625245
0 0.5941814595660749 0.3569471838702608 0.5919214332675872 0.36215209292132367 0.5845249835634452 0.3643436335744028 0.5849358974358975 0.37091825553364016 0.5890450361604208 0.37557527942143326 0.5927432610124918 0.3821499013806706 0.597879684418146 0.3799583607275915 0.599112426035503 0.37557527942143326 0.6021942800788955 0.37119219811527504 0.6013724523339908 0.3629739206662283 0.5999342537804077 0.35776901161516544
0 0.511793228139382 0.38351961428884507 0.5107659434582512 0.38899846592154286 0.5113823142669297 0.39283366206443127 0.5060404339250494 0.3974906859522244 0.5025476660092045 0.4098181021257945 0.500698553583169 0.4172145518299365 0.501931295200526 0.4246110015340784 0.503164036817883 0.4341989918912996 0.506862261669954 0.4418693841770765 0.5113823142669297 0.4391299583607276 0.5148750821827746 0.4320074512382205 0.5220660749506904 0.4306377383300461 0.5300788954635108 0.4287201402586018 0.5368589743589743 0.42707648476879245 0.5409681130834977 0.4314595660749507 0.5473372781065089 0.4374863028709182 0.5553500986193294 0.4410475564321718 0.564595660749507 0.4448827525750602 0.5724030243261012 0.4421433267587114 0.5779503616042078 0.4363905325443787 0.5810322156476003 0.43255533640149024 0.5882232084155161 0.4320074512382205 0.5931541748849442 0.4314595660749507 0.5950032873109796 0.42351523120753887 0.5935650887573964 0.41666666666666663 0.5972633136094675 0.4079005040543502 0.5972633136094675 0.3977646285338593 0.5943869165023011 0.3922857769011615 0.589250493096647 0.3898202936664475 0.5898668639053255 0.3824238439623055 0.5857577251808022 0.37858864781941703 0.5834976988823143 0.3690006574621959 0.578155818540434 0.3692746000438308 0.5746630506245891 0.37091825553364016 0.5676775147928994 0.3722879684418146 0.5625410913872453 0.3695485426254657 0.5547337278106509 0.3640696909927679 0.5487754766600921 0.3591387245233399 0.5354207758053912 0.3626999780845935 0.5257642998027614 0.3670830593907517 0.5169296515450362 0.3731097961867192
0 0.5331607495069034 0.6952662721893491 0.5391190006574622 0.6911571334648258 0.5422008547008548 0.6952662721893491 0.5475427350427351 0.6985535831689678 0.5465154503616042 0.7070458031996494 0.543844510190664 0.710333114179268 0.5432281393819856 0.7185513916283147 0.5372698882314267 0.7188253342099495 0.531517094017094 0.7122507122507122 0.5269970414201184 0.70540214770984 0.5272024983563446 0.6963620425158886
0 0.5567882971729126 0.6591058514135437 0.557199211045365 0.6681459566074951 0.557199211045365 0.6766381766381766 0.5623356344510191 0.6796515450361604 0.5666502301117686 0.6763642340565418 0.5656229454306377 0.6706114398422091 0.5670611439842209 0.6637628753013368 0.5631574621959238 0.658284023668639
0 0.5245315581854043 0.7185513916283147 0.5210387902695596 0.7237563006793776 0.51672419460881 0.7278654394039009 0.5196005917159764 0.7344400613631382 0.5249424720578567 0.7396449704142012 0.5298734385272847 0.7410146833223756 0.5323389217619987 0.7459456497918037 0.5348044049967127 0.7473153626999781 0.5368589743589743 0.7404667981591059 0.537680802103879 0.7278654394039009 0.5282297830374754 0.725399956169187 0.5280243261012492 0.720195047118124
0 0.5867850098619329 0.6755424063116371 0.5779503616042078 0.6862261669953977 0.5756903353057199 0.6966359850975236 0.5773339907955293 0.7023887793118562 0.5728139381985536 0.7111549419241727 0.5713757396449705 0.720195047118124 0.5754848783694938 0.7278654394039009 0.5808267587113741 0.7306048652202498 0.5857577251808022 0.737453429761122 0.5915105193951348 0.7366316020162174 0.5960305719921105 0.7284133245671707 0.597879684418146 0.7199211045364892 0.5982905982905983 0.7125246548323472 0.5915105193951348 0.7040324348016656 0.5943869165023011 0.7001972386587771 0.5976742274819198 0.6908831908831908 0.5945923734385273 0.6804733727810651
0 0.5504191321499013 0.7352618891080429 0.5543228139381986 0.7286872671488056 0.557199211045365 0.7273175542406312 0.5617192636423406 0.7286872671488056 0.5658284023668639 0.7267696690773614 0.5744575936883629 0.7308788078018847 0.5775394477317555 0.7366316020162174 0.5763067061143985 0.7437541091387245 0.5732248520710059 0.7489590181897874 0.5715811965811965 0.7519723865877712 0.5664447731755424 0.7497808459346921 0.5621301775147929 0.7426583388121849 0.5596646942800789 0.7445759368836292 0.5530900723208416 0.7418365110672803
0 0.5578155818540435 0.7719701950471181 0.5588428665351742 0.7670392285776901 0.5627465483234714 0.7632040324348016 0.5672666009204471 0.7632040324348016 0.5674720578566733 0.7555336401490248 0.5641847468770546 0.7478632478632479 0.5602810650887574 0.7506026736795968 0.5602810650887574 0.7453977646285338 0.5555555555555556 0.7432062239754548 0.5456936226166995 0.7388231426692965 0.5407626561472716 0.7385492000876616 0.5374753451676528 0.7415625684856454 0.5368589743589743 0.744849879465264 0.5343934911242604 0.7495069033530571 0.5352153188691651 0.7560815253122946 0.5387080867850099 0.759916721455183 0.5475427350427351 0.7623822046898969 0.5479536489151874 0.7714223098838483 0.5551446416831033 0.774709620863467
0 0.5732248520710059 0.8774380889765505 0.576923076923077 0.8774380889765505 0.5789776462853387 0.8722331799254875 0.578155818540434 0.8648367302213456 0.5736357659434582 0.8659325005478852 0.570759368836292 0.8725071225071225